function X_min = calc_X_min_withTool(in1)
%CALC_X_MIN_WITHTOOL
%    X_MIN = CALC_X_MIN_WITHTOOL(IN1)

%    This function was generated by the Symbolic Math Toolbox version 8.4.
%    06-Jul-2020 11:54:31

Ixx2 = in1(:,38);
Ixx3 = in1(:,39);
Ixx4 = in1(:,40);
Ixx5 = in1(:,41);
Ixx6 = in1(:,42);
Ixxtool = in1(:,83);
Iyy1 = in1(:,43);
Iyy2 = in1(:,44);
Iyy3 = in1(:,45);
Iyy4 = in1(:,46);
Iyy5 = in1(:,47);
Iyy6 = in1(:,48);
Iyytool = in1(:,84);
Izz2 = in1(:,50);
Izz3 = in1(:,51);
Izz4 = in1(:,52);
Izz5 = in1(:,53);
Izz6 = in1(:,54);
Izztool = in1(:,85);
XC2 = in1(:,28);
XC3 = in1(:,29);
XC6 = in1(:,30);
XCtool = in1(:,80);
YC4 = in1(:,31);
YC5 = in1(:,32);
YC6 = in1(:,33);
YCtool = in1(:,81);
ZC1 = in1(:,34);
ZC3 = in1(:,35);
ZC6 = in1(:,36);
ZCtool = in1(:,82);
a2 = in1(:,68);
a3 = in1(:,69);
d2 = in1(:,62);
d3 = in1(:,63);
d4 = in1(:,64);
d5 = in1(:,65);
d6 = in1(:,66);
m1 = in1(:,22);
m2 = in1(:,23);
m3 = in1(:,24);
m4 = in1(:,25);
m5 = in1(:,26);
m6 = in1(:,27);
mtool = in1(:,79);
t2 = Iyy6.*m6;
t3 = Iyytool.*m6;
t4 = Iyy6.*mtool;
t5 = Iyytool.*mtool;
t6 = XC2.*m2;
t7 = XC6.*m6;
t8 = XCtool.*mtool;
t9 = YC6.*m6;
t10 = YCtool.*mtool;
t11 = ZC6.*m6;
t12 = ZCtool.*mtool;
t13 = a2.*m2;
t14 = m6+mtool;
t15 = XC2.^2;
t16 = XC3.^2;
t17 = XC6.^2;
t18 = XCtool.^2;
t19 = YC5.^2;
t20 = YC6.^2;
t21 = YCtool.^2;
t22 = ZC6.^2;
t23 = ZCtool.^2;
t24 = a2.^2;
t25 = a3.^2;
t26 = d2.*2.0;
t27 = d3.*2.0;
t28 = d4.*2.0;
t29 = d2.^2;
t30 = d3.^2;
t31 = d4.^2;
t32 = d5.^2;
t33 = d6.^2;
t37 = d2+d3+d4;
t38 = 1.0./d2;
t34 = d3.*t26;
t35 = d4.*t26;
t36 = d4.*t27;
t39 = XC2.*t6;
t40 = m3.*t16;
t41 = m5.*t19;
t42 = d2+t27;
t43 = a2.*t13;
t44 = m3.*t25;
t45 = m4.*t25;
t46 = m5.*t25;
t47 = m5.*t32;
t48 = -t24;
t49 = -t25;
t50 = 1.0./t14;
t51 = t7.*t8.*2.0;
t52 = t9.*t10.*2.0;
t53 = t11.*t12.*2.0;
t54 = XC6.*mtool.*t7;
t55 = XCtool.*m6.*t8;
t56 = YC6.*mtool.*t9;
t57 = YCtool.*m6.*t10;
t58 = ZC6.*mtool.*t11;
t59 = ZCtool.*m6.*t12;
t60 = t14.*t25;
t61 = t14.*t32;
t62 = t14.*t33;
t64 = t7+t8;
t65 = t9+t10;
t66 = t11+t12;
t76 = t24.*t38.*2.0;
t77 = t24.*t27.*t38;
t78 = t24.*t28.*t38;
t80 = d3.*t24.*t38.*-2.0;
t81 = d4.*t24.*t38.*-2.0;
t63 = -t47;
t67 = -t51;
t68 = -t52;
t69 = -t53;
t70 = t28+t42;
t71 = t64.^2;
t72 = t65.^2;
t73 = t66.^2;
t74 = -t61;
t75 = -t62;
t79 = -t76;
t82 = YC4.*m4.*t76;
t83 = ZC3.*m3.*t76;
t84 = m3.*t24.*t38.*t42;
t92 = t29+t30+t31+t34+t35+t36+t48+t49+t80+t81;
t85 = t50.*t71;
t86 = t50.*t72;
t87 = t50.*t73;
t88 = m4.*t24.*t38.*t70;
t89 = m5.*t24.*t38.*t70;
t90 = t14.*t24.*t38.*t70;
t91 = t2+t3+t4+t5+t54+t55+t58+t59+t67+t69;
t93 = t50.*t91;
X_min = [YC4.*m4+ZC1.*m1+ZC3.*m3+d2.*m2+d2.*m3+d2.*m4+d3.*m3+d2.*m5+d3.*m4+d3.*m5+d4.*m4+d4.*m5+d2.*t14+d3.*t14+d4.*t14;t6+t13+a2.*m3+a2.*m4+a2.*m5+a2.*t14;XC3.*m3+a3.*m3+a3.*m4+a3.*m5+a3.*t14;YC5.*m5-d5.*m5-d5.*t14;t64;t65;t66-d6.*t14;Iyy1+Iyy2+Iyy3+Izz4+t39+t40+m4.*t92+m5.*t92+t14.*t92-m3.*(t24+t25-t29-t30+t77-d2.*d3.*2.0)-m2.*(t24-t29)+YC4.^2.*m4+ZC1.^2.*m1+ZC3.^2.*m3+YC4.*m4.*(t26+t27+t28+t79)+ZC3.*m3.*(t26+t27+t79);Ixx2-Iyy2-t39+t43+t82+t83+t84+t88+t89+t90;Izz2+t39-t43-YC4.*m4.*t24.*t38.*2.0-ZC3.*m3.*t24.*t38.*2.0+m3.*t38.*t42.*t48+m4.*t38.*t48.*t70+m5.*t38.*t48.*t70+t14.*t38.*t48.*t70;t6+t13+a2.*m4.*t37.*t38+a2.*m5.*t37.*t38+a2.*t14.*t37.*t38+a2.*m3.*t38.*(d2+d3)+YC4.*a2.*m4.*t38+ZC3.*a2.*m3.*t38;Ixx3-Iyy3-t40+t44+t45+t46+t60;-XC3.*ZC3.*m3-YC4.*a3.*m4-ZC3.*a3.*m3-a3.*d4.*m4-a3.*d4.*m5-a3.*d4.*t14;Izz3+t40-t44-t45-t46+t14.*t49;Ixx4-Izz4+Izz5+t41+t63+t74;Iyy4+Izz5+t41+t63+t74;Ixx5-Izz5+t75+t85+t87+t93;Iyy5+t75+t85+t87+t93;-t85+t86-t93+t50.*(t56+t57+t58+t59+t68+t69+Ixx6.*m6+Ixxtool.*m6+Ixx6.*mtool+Ixxtool.*mtool);-t50.*t64.*t65;-t50.*t64.*t66;-t50.*t65.*t66;t85+t86+t50.*(t54+t55+t56+t57+t67+t68+Izz6.*m6+Izztool.*m6+Izz6.*mtool+Izztool.*mtool)];
